N:
4
8
16
32
64
128
256
512
1024
2048
Fact Solutions:
1.0
1.0
1.0
1.0
1.0
1.0
1.0
1.0
1.0
1.0
Scheme Solutions:
1.0000000000000002
0.9999999999999998
1.000000000000002
1.0000000000000018
1.0000000000000064
1.0000000000000244
1.000000000000121
1.0000000000003142
0.9999999999981014
0.9999999999992162
Errors:
2.220446049250313E-16
2.220446049250313E-16
1.9984014443252818E-15
1.7763568394002505E-15
6.439293542825908E-15
2.4424906541753444E-14
1.2101430968414206E-13
3.141931159689193E-13
1.89859239441148E-12
7.838174553853605E-13
