N:
4
8
16
32
64
128
256
512
1024
2048
Fact Solutions:
4.0
4.0
4.0
4.0
4.0
4.0
4.0
4.0
4.0
4.0
Scheme Solutions:
3.8751953377447665
3.968283496244748
3.9920379009687648
3.9980074021125063
3.999501720763659
3.9998754220776633
3.9999688550121792
3.999992213722616
3.9999980534260557
3.999999513337017
Errors:
0.12480466225523346
0.031716503755252035
0.007962099031235237
0.00199259788749373
4.982792363410482E-4
1.245779223366661E-4
3.114498782075259E-5
7.786277384180806E-6
1.9465739442559027E-6
4.866629828015334E-7
